 0.000136 -0.003263 0.02447 -0.08158  0.1346 -0.1077 0.03333
-0.003263  0.1044 -0.8811   3.133  -5.384    4.43    -1.4
 0.02447 -0.8811    7.93  -29.37   51.92  -43.61      14
-0.08158   3.133  -29.37   111.9  -201.9   172.3     -56
  0.1346  -5.384   51.92  -201.9   370.2  -319.8     105
 -0.1077    4.43  -43.61   172.3  -319.8   279.1  -92.39
 0.03333    -1.4      14     -56     105  -92.39    30.8
